583216.9076 6061913.748
583656.037 6061919.672
583851.919 6061977.656
583858.8405 6061542.74
583855.9098 6060899.946
582192.8012 6060970.11
581219.4816 6062798.739
579212.8714 6062296.154
578911.4588 6061601.055
584327.4386 6058482.694
587534.6417 6060535.306
587214.2219 6062590.722
589005.2173 6063263.847
586079.8477 6073220.628
567026.8543 6067002.111
563812.2027 6068998.937
563206.359 6068217.337
560251.4289 6071529.274
557125.9871 6071786.32
559127.3707 6075845.715
559735.1753 6076140.017
559895.2755 6076359.514
560436.805 6076627.175
560532.5697 6077058.151
561987.8579 6077916.352
562887.1502 6074322.512
554694.0522 6083447.754
553244.0227 6083731.848
560096.1675 6059997.07
559978.347 6059382.725
560858.4461 6058525.375
560095.3404 6057412.68
563187.8922 6056493.83
535120.7062 6049393.382
530333.5587 6052663.458
524784.858 6048743.046
524980.5937 6036734.814
503670.8266 6041877.826
500950.7484 6050020.543
502182.7791 6051162.764
500858.253 6051899.164
499431.3658 6056813.933
495936.4641 6078731.343
494003.9111 6081735.632
492717.7233 6083944.852
492726.0413 6084446.299
491856.8016 6084853.678
493210.3088 6087328.828
494545.0113 6086763.874
494686.1703 6085187.189
497119.5696 6082946.384
498016.0525 6084511.712
501533.7865 6082969.719
502459.6701 6079879.549
506352.5571 6096809.156
519905.4496 6095854.791
525612.2651 6104899.493
483209.6896 6088467.297
483133.8627 6088500.95
482181.8073 6089418.737
470112.2052 6077478.481
444489.889 6107094.499
411340.763 6143343.717
388202.8242 6142771.282
387875.5003 6139039.219
387741.726 6136544.757
380088.8136 6110624.312
374785.1365 6107059.519
374240.5344 6107387.802
375334.1658 6103668.641
380156.5293 6102904.628
328405.7935 6133575.505
327432.4897 6135700.906
325795.2339 6140412.611
324577.5639 6142889.375
325908.4686 6145881.935
317107.5138 6146625.042
316636.6551 6146282.015
317001.2103 6147220.385
315707.5175 6148871.936
315994.4731 6144636.439
314941.0115 6142696.862
310470.5344 6134995.26
308923.7137 6134019.811
309185.6073 6133018.262
309529.3613 6132361.992
317501.0836 6157008.665
317630.8205 6157537.817
318419.9595 6160091.937
325305.5681 6156931.026
319122.1113 6174560.587
319049.276 6175756.839
319643.9964 6178858.213
316868.1638 6184239.985
316419.0776 6192823.096
316593.2909 6202034.086
327599.4654 6198811.781
342185.076 6200197.699
346717.2108 6211963.756
396674.9531 6241565.995
410158.1547 6233919.216
416586.922 6243001.437
424368.0919 6224098.152
469823.1824 6220201.255
547495.8178 6252171.345
594612.6935 6226220.546
583216.9076 6061913.748
