583216.9076 6061913.748
583038.5252 6061489.458
583064.3576 6061419.519
582986.0454 6061380.467
583449.7075 6060872.102
582111.5978 6062865.847
579249.1821 6062717.907
578985.2096 6061986.276
578442.9785 6058191.133
586188.019 6058866.692
587705.4006 6060914.048
589702.6642 6062405.797
590095.4255 6052116.482
592218.115 6050076.653
605038.4451 6044500.792
605354.1978 6045039.123
605356.4754 6045196.417
605463.8227 6045171.57
608609.5683 6005888.944
547629.5086 6019761.923
528819.1383 6000794.901
530154.7587 5997997.036
520225.5868 5997466.861
518182.9036 5988938.429
519512.6453 5987765.539
528107.2767 5987172.72
528438.6127 5986842.716
511981.4906 6002323.487
511400.2561 6002948.378
502852.4306 5993764.591
497360.0918 5988161.514
498510.6353 6004265.018
502625.1817 6018976.61
509682.8662 6024640.592
505182.016 6028400.341
505127.9284 6028871.461
505932.2536 6041740.103
499691.4381 6041669.8
492500.0448 6044181.416
500162.5875 6052031.915
500554.8046 6051943.345
511732.0033 6075097.83
515696.2068 6076520.697
516565.5049 6074965.335
512680.2647 6080489.971
512419.3487 6080373.224
509593.1332 6081733.286
504822.9579 6083675.356
504114.2924 6083113.948
503964.4237 6083023.26
503056.9611 6084788.114
504077.4781 6085879.939
501595.3419 6081958.588
496653.7846 6091739.397
506872.014 6098082.736
518653.5592 6104396.897
530069.4709 6114850.919
480668.1025 6130532.371
473365.7148 6100556.856
473132.0015 6100273.125
462605.3538 6089815.108
476320.8324 6035656.832
477559.7107 6019550.462
483248.5815 6017645.183
486856.6359 6019843.398
481824.4682 5996032.54
480636.4233 5994613.724
421208.886 6030802.653
420284.2032 6029549.432
419527.4464 6030645.798
452091.7985 6161940.734
449566.5015 6164520.937
449246.1035 6164790.851
463439.7404 6168013.127
464109.223 6177839.375
442191.7745 6189328.52
439602.2958 6187139.611
440524.3276 6185947.713
437059.4762 6185606.418
435530.375 6186345.56
434480.4271 6189369.667
437965.3964 6191328.004
409762.8671 6194083.808
399718.2958 6192299.818
396495.2696 6179361.984
398764.6309 6167057.461
394658.758 6165455.233
391204.258 6206819.469
371777.3102 6209138.243
368877.2675 6214399.069
368204.8214 6214211.119
365383.8599 6215482.005
365180.0945 6216112.219
364703.3015 6214675.603
363784.719 6212867.955
364091.6923 6199915.473
349885.032 6203231.081
347040.9722 6204617.165
367194.0642 6225914.232
409541.3998 6234027.442
415726.5416 6230401.281
424323.4282 6224160.426
452176.8349 6247022.318
524743.6341 6214248.478
551425.6752 6253306.892
583216.9076 6061913.748
