583216.9076 6061913.748
582988.5584 6061522.061
583041.0569 6061442.514
582984.8034 6061425.352
582893.7293 6061411.471
581829.4488 6061773.724
580951.8906 6064055.195
579101.3342 6062086.578
578321.0753 6061868.335
585969.6601 6064063.351
587272.6004 6063961.724
588166.0206 6063268.88
583207.9175 6068616.244
588486.5763 6078714.364
611987.0849 6082520.519
612174.3856 6082201.381
595894.3619 6102281.277
599317.0233 6121511.217
594332.4271 6125056.979
583244.5936 6120220.579
596002.7077 6147897.163
600551.1217 6153692.194
614329.8456 6155810.839
625113.2549 6140209.837
626187.4502 6138590.728
627786.2472 6135598.283
634866.4066 6128159.649
638939.6273 6123679.3
640824.9944 6116666.558
649882.0654 6120815.429
638178.9887 6135435.241
657877.3998 6148184.924
635669.7471 6162504.82
640944.0489 6179330.086
640165.5151 6179669.032
662400.7889 6174228.883
615149.0951 6191148.021
603739.223 6173611.284
575225.737 6170583.098
570024.1445 6160851.747
570037.4724 6158130.781
568484.1716 6155485.19
568944.1058 6154820.421
565776.6326 6156546.97
565797.5895 6156717.541
563786.9587 6148710.327
563386.7857 6147080.36
562335.3986 6145983.127
580133.4119 6150582.283
552341.177 6183471.122
561132.4941 6189648.077
561086.4135 6190808.273
522701.2721 6177402.893
510767.2317 6167641.774
508517.9518 6168215.439
506652.0579 6157437.576
505515.3512 6154213.315
477696.6283 6136037.43
462687.1907 6105153.691
462111.8219 6105106.447
447204.8519 6105487.182
401993.8772 6116434.019
390873.2281 6124934.323
386146.49 6131677.959
382158.0936 6133648.719
384162.9282 6136600.869
372900.9585 6109799.411
373658.0203 6107561.411
374092.8198 6107435.738
377790.528 6103470.194
332212.6898 6138856.781
331873.5423 6139296.255
329596.4938 6141341.677
332744.0104 6142891.416
332766.4584 6143241.57
321951.2191 6137969.13
321758.0129 6137555.244
313347.8203 6136813.9
312668.0237 6139527.065
312297.0377 6139470.286
312214.5897 6139473.003
313237.1887 6140952.243
309081.4929 6133934.491
309075.1832 6133107.828
308899.3165 6132925.598
317882.7194 6154090.858
318126.0871 6156985.011
318303.6618 6159138.206
318478.5874 6162020.224
319092.7635 6171659.036
319832.0327 6175250.39
319141.9859 6178373.622
320291.2191 6178726.194
316141.7064 6188763.812
316261.1491 6196198.416
315649.5702 6202334.327
328906.1887 6224842.212
347941.8813 6215671.558
348505.9951 6216537.778
408669.0762 6228398.529
410541.8857 6231801.048
421770.0623 6235369.695
426333.3434 6224032.687
505192.823 6215244.846
549576.3178 6253410.156
583216.9076 6061913.748
