511732.0033 6075097.83
501533.7865 6082969.719
494003.9111 6081735.632
493210.3088 6087328.828
494686.1703 6085187.189
447204.8519 6105487.182
399718.2958 6192299.818
348505.9951 6216537.778
347941.8813 6215671.558
364703.3015 6214675.603
365180.0945 6216112.219
410541.8857 6231801.048
410158.1547 6233919.216
332744.0104 6142891.416
325908.4686 6145881.935
329596.4938 6141341.677
313347.8203 6136813.9
310470.5344 6134995.26
312668.0237 6139527.065
312214.5897 6139473.003
312297.0377 6139470.286
317001.2103 6147220.385
325795.2339 6140412.611
481824.4682 5996032.54
497360.0918 5988161.514
502852.4306 5993764.591
519512.6453 5987765.539
520225.5868 5997466.861
511981.4906 6002323.487
511400.2561 6002948.378
506652.0579 6157437.576
510767.2317 6167641.774
464109.223 6177839.375
439602.2958 6187139.611
394658.758 6165455.233
318303.6618 6159138.206
318478.5874 6162020.224
319832.0327 6175250.39
316868.1638 6184239.985
315649.5702 6202334.327
319643.9964 6178858.213
318419.9595 6160091.937
318126.0871 6156985.011
424368.0919 6224098.152
421770.0623 6235369.695
547495.8178 6252171.345
551425.6752 6253306.892
561086.4135 6190808.273
561132.4941 6189648.077
525612.2651 6104899.493
500950.7484 6050020.543
505127.9284 6028871.461
509682.8662 6024640.592
499431.3658 6056813.933
470112.2052 6077478.481
380156.5293 6102904.628
377790.528 6103470.194
374092.8198 6107435.738
568944.1058 6154820.421
570037.4724 6158130.781
575225.737 6170583.098
603739.223 6173611.284
640944.0489 6179330.086
626187.4502 6138590.728
627786.2472 6135598.283
563386.7857 6147080.36
530069.4709 6114850.919
519905.4496 6095854.791
491856.8016 6084853.678
512419.3487 6080373.224
516565.5049 6074965.335
512680.2647 6080489.971
509593.1332 6081733.286
515696.2068 6076520.697
557125.9871 6071786.32
560532.5697 6077058.151
561987.8579 6077916.352
594332.4271 6125056.979
634866.4066 6128159.649
640824.9944 6116666.558
612174.3856 6082201.381
547629.5086 6019761.923
524980.5937 6036734.814
530333.5587 6052663.458
535120.7062 6049393.382
560095.3404 6057412.68
563812.2027 6068998.937
583207.9175 6068616.244
582111.5978 6062865.847
587534.6417 6060535.306
587272.6004 6063961.724
582893.7293 6061411.471
578321.0753 6061868.335
582986.0454 6061380.467
583656.037 6061919.672
583858.8405 6061542.74
581829.4488 6061773.724
585969.6601 6064063.351
588486.5763 6078714.364
586188.019 6058866.692
584327.4386 6058482.694
590095.4255 6052116.482
586079.8477 6073220.628
588166.0206 6063268.88
582988.5584 6061522.061
605463.8227 6045171.57
605354.1978 6045039.123
589005.2173 6063263.847
579212.8714 6062296.154
583855.9098 6060899.946
