528107.2767 5987172.72
502625.1817 6018976.61
483248.5815 6017645.183
419527.4464 6030645.798
421208.886 6030802.653
486856.6359 6019843.398
505182.016 6028400.341
600551.1217 6153692.194
615149.0951 6191148.021
594612.6935 6226220.546
549576.3178 6253410.156
505192.823 6215244.846
469823.1824 6220201.255
416586.922 6243001.437
396674.9531 6241565.995
349885.032 6203231.081
315994.4731 6144636.439
314941.0115 6142696.862
308923.7137 6134019.811
309075.1832 6133107.828
375334.1658 6103668.641
380088.8136 6110624.312
372900.9585 6109799.411
328405.7935 6133575.505
327432.4897 6135700.906
331873.5423 6139296.255
382158.0936 6133648.719
390873.2281 6124934.323
444489.889 6107094.499
462605.3538 6089815.108
473132.0015 6100273.125
480668.1025 6130532.371
477696.6283 6136037.43
449246.1035 6164790.851
409762.8671 6194083.808
371777.3102 6209138.243
368204.8214 6214211.119
365383.8599 6215482.005
367194.0642 6225914.232
409541.3998 6234027.442
426333.3434 6224032.687
434480.4271 6189369.667
496653.7846 6091739.397
494545.0113 6086763.874
492717.7233 6083944.852
483209.6896 6088467.297
483133.8627 6088500.95
482181.8073 6089418.737
387741.726 6136544.757
346717.2108 6211963.756
328906.1887 6224842.212
316593.2909 6202034.086
316261.1491 6196198.416
320291.2191 6178726.194
319122.1113 6174560.587
319092.7635 6171659.036
317630.8205 6157537.817
317501.0836 6157008.665
317107.5138 6146625.042
321951.2191 6137969.13
384162.9282 6136600.869
552341.177 6183471.122
565797.5895 6156717.541
570024.1445 6160851.747
614329.8456 6155810.839
662400.7889 6174228.883
657877.3998 6148184.924
583244.5936 6120220.579
504077.4781 6085879.939
501595.3419 6081958.588
502459.6701 6079879.549
476320.8324 6035656.832
492500.0448 6044181.416
500554.8046 6051943.345
500858.253 6051899.164
518653.5592 6104396.897
580133.4119 6150582.283
596002.7077 6147897.163
638939.6273 6123679.3
649882.0654 6120815.429
599317.0233 6121511.217
560436.805 6076627.175
559895.2755 6076359.514
559735.1753 6076140.017
567026.8543 6067002.111
611987.0849 6082520.519
608609.5683 6005888.944
