506872.014 6098082.736
463439.7404 6168013.127
396495.2696 6179361.984
364091.6923 6199915.473
342185.076 6200197.699
327599.4654 6198811.781
316419.0776 6192823.096
316141.7064 6188763.812
319141.9859 6178373.622
319049.276 6175756.839
317882.7194 6154090.858
315707.5175 6148871.936
316636.6551 6146282.015
325305.5681 6156931.026
321758.0129 6137555.244
324577.5639 6142889.375
332766.4584 6143241.57
332212.6898 6138856.781
386146.49 6131677.959
398764.6309 6167057.461
505515.3512 6154213.315
522701.2721 6177402.893
508517.9518 6168215.439
495936.4641 6078731.343
504822.9579 6083675.356
503964.4237 6083023.26
506352.5571 6096809.156
473365.7148 6100556.856
442191.7745 6189328.52
437965.3964 6191328.004
452091.7985 6161940.734
462687.1907 6105153.691
462111.8219 6105106.447
477559.7107 6019550.462
498510.6353 6004265.018
518182.9036 5988938.429
480636.4233 5994613.724
420284.2032 6029549.432
401993.8772 6116434.019
374785.1365 6107059.519
373658.0203 6107561.411
374240.5344 6107387.802
309529.3613 6132361.992
308899.3165 6132925.598
309081.4929 6133934.491
309185.6073 6133018.262
313237.1887 6140952.243
347040.9722 6204617.165
368877.2675 6214399.069
408669.0762 6228398.529
415726.5416 6230401.281
424323.4282 6224160.426
440524.3276 6185947.713
435530.375 6186345.56
437059.4762 6185606.418
449566.5015 6164520.937
411340.763 6143343.717
387875.5003 6139039.219
388202.8242 6142771.282
363784.719 6212867.955
391204.258 6206819.469
452176.8349 6247022.318
524743.6341 6214248.478
640165.5151 6179669.032
635669.7471 6162504.82
638178.9887 6135435.241
595894.3619 6102281.277
528438.6127 5986842.716
530154.7587 5997997.036
528819.1383 6000794.901
625113.2549 6140209.837
568484.1716 6155485.19
565776.6326 6156546.97
562335.3986 6145983.127
563786.9587 6148710.327
503056.9611 6084788.114
498016.0525 6084511.712
504114.2924 6083113.948
497119.5696 6082946.384
492726.0413 6084446.299
500162.5875 6052031.915
502182.7791 6051162.764
499691.4381 6041669.8
503670.8266 6041877.826
505932.2536 6041740.103
524784.858 6048743.046
560251.4289 6071529.274
605038.4451 6044500.792
605356.4754 6045196.417
560858.4461 6058525.375
559978.347 6059382.725
554694.0522 6083447.754
553244.0227 6083731.848
559127.3707 6075845.715
562887.1502 6074322.512
563206.359 6068217.337
560096.1675 6059997.07
563187.8922 6056493.83
583064.3576 6061419.519
583041.0569 6061442.514
583038.5252 6061489.458
587705.4006 6060914.048
582984.8034 6061425.352
580951.8906 6064055.195
581219.4816 6062798.739
579101.3342 6062086.578
583449.7075 6060872.102
592218.115 6050076.653
579249.1821 6062717.907
589702.6642 6062405.797
587214.2219 6062590.722
583851.919 6061977.656
578985.2096 6061986.276
578911.4588 6061601.055
578442.9785 6058191.133
582192.8012 6060970.11
